1111111111111111111111111111111111111111111111111111111111111111111111111111111111111111111100000000000
0000000000000000000000000000000000000000000000000000000000000000000000000000000000000000000100000000000
0000000000000000000000000000000000000000000000000000000000000000000000000000000000000000000100000000000
0000000000000000000000000000000000000000000000000000000000000000000000000000000000000000000100000000000
0000000000000000000000000000000000000000000000000000000000000000000000000000000000000000000100000000000
0000000000000000000000000000000000000000000000000000000000000000000000000000000000000000000100000000000
1111111111000000000000000000000000000000000000000000000000000000000000000000000000000000000111111111111
0000000001000000000000000000000000000000000000000000000000000000000000000000000000000000000000000000000
0000000001000000000000000000000000000000000000000000000000000000000000000000000000000000000000000000000
0000000001000000000000000000000000000000000000000000000000000000000000000000000000000000000000000000000
0000000001000000000000000000000000000000000000000000000000000000000000000000000000000000000000000000000
0000000001000000000000000000000000000000000000000000000000000000000000000000000000000000000000000000000
0000000001000000000000000000000000000000000000000000000000000000000000000000000000000000000111111111111
0000000001000000000000000000000000000000000000000000000000000000000000000000000000000000000100000000000
0000000001000000000000000000000000000000000000000000000000000000000000000000000000000000000100000000000
0000000001000000000000000000000000000000000000000000000000000000000000000000000000000000000100000000000
0000000001000000000000000000000000000000000000000000000000000000000000000000000000000000000100000000000
0000000001000000000000000000000000000000000000000000000000000000000000000000000000000000000100000000000
0000000001000000000000000000000000000000000000000000000000000000000000000000000000000000000100000000000
0000000001000000000000000000000000000000000000000000000000000000000000000000000000000000000100000000000
0000000001000000000000000000000000000000000000000000000000000000000000000000000000000000000100000000000
0000000001000000000000000000000000000000000000000000000000000000000000000000000000000000000100000000000
0000000001000000000000000000000000000000000000000000000000000000000000000000000000000000000100000000000
0000000001000000000000000000000000000000000000000000000000000000000000000000000000000000000100000000000
0000000001000000000000000000000000000000000000000000000000000000000000000000000000000000000100000000000
1111111111000000000000000000000000000000000000000000000000000000000000000000000000000000000100000000000
0000000000000000000000000000000000000000000000000000000000000000000000000000000000000000000100000000000
0000000000000000000000000000000000000000000000000000000000000000000000000000000000000000000100000000000
0000000000000000000000000000000000000000000000000000000000000000000000000000000000000000000100000000000
0000000000000000000000000000000000000000000000000000000000000000000000000000000000000000000100000000000
0000000000000000000000000000000000000000000000000000000000000000000000000000000000000000000100000000000
0000000000000000000000000000000000000000000000000000000000000000000000000000000000000000000100000000000
0000000000000000000000000000000000000000000000000000000000000000000000000000000000000000000100000000000
1111111111111111111111111111111111111111111111111111111111111111111111111111111111111111111100000000000